 0 1 0
 0 1 1
 0 1 2
 0 1 3
 0 1 4
 0 1 5
 0 1 6
 0 1 7
 1 1 0
 0.5 1 0.5
 0.333333 1 1
 0.25 1 1.5
 0.2 1 2
 0.166667 1 2.5
 0.142857 1 3
 0.125 1 3.5
 2 1 0
 1 1 0.333333
 0.666667 1 0.666667
 0.5 1 1
 0.4 1 1.33333
 0.333333 1 1.66667
 0.285714 1 2
 0.25 1 2.33333
 3 1 0
 1.5 1 0.25
 1 1 0.5
 0.75 1 0.75
 0.6 1 1
 0.5 1 1.25
 0.428571 1 1.5
 0.375 1 1.75
 4 1 0
 2 1 0.2
 1.33333 1 0.4
 1 1 0.6
 0.8 1 0.8
 0.666667 1 1
 0.571429 1 1.2
 0.5 1 1.4
 5 1 0
 2.5 1 0.166667
 1.66667 1 0.333333
 1.25 1 0.5
 1 1 0.666667
 0.833333 1 0.833333
 0.714286 1 1
 0.625 1 1.16667
 6 1 0
 3 1 0.142857
 2 1 0.285714
 1.5 1 0.428571
 1.2 1 0.571429
 1 1 0.714286
 0.857143 1 0.857143
 0.75 1 1
 7 1 0
 3.5 1 0.125
 2.33333 1 0.25
 1.75 1 0.375
 1.4 1 0.5
 1.16667 1 0.625
 1 1 0.75
 0.875 1 0.875
